S 1 1000 0.01 100 200
C 2 1000 0.01 100 50
S 3 1000 0.01 100 200
C 4 1000 0.01 100 50
S 5 1000 0.01 100 200
C 6 1000 0.01 100 50
S 7 1000 0.01 100 200
C 8 1000 0.01 100 50
S 9 1000 0.01 100 200
C 10 1000 0.01 100 50
S 11 1000 0.01 100 200
C 12 1000 0.01 100 50
S 13 1000 0.01 100 200
C 14 1000 0.01 100 50
S 15 1000 0.01 100 200
C 16 1000 0.01 100 50
S 17 1000 0.01 100 200
C 18 1000 0.01 100 50
S 19 1000 0.01 100 200
C 20 1000 0.01 100 50
S 21 1000 0.01 100 200
C 22 1000 0.01 100 50
S 23 1000 0.01 100 200
C 24 1000 0.01 100 50
S 25 1000 0.01 100 200
C 26 1000 0.01 100 50
S 27 1000 0.01 100 200
C 28 1000 0.01 100 50
S 29 1000 0.01 100 200
C 30 1000 0.01 100 50
S 31 1000 0.01 100 200
C 32 1000 0.01 100 50
S 33 1000 0.01 100 200
C 34 1000 0.01 100 50
S 35 1000 0.01 100 200
C 36 1000 0.01 100 50
S 37 1000 0.01 100 200
C 38 1000 0.01 100 50
S 39 1000 0.01 100 200
C 40 1000 0.01 100 50
S 41 1000 0.01 100 200
C 42 1000 0.01 100 50
S 43 1000 0.01 100 200
C 44 1000 0.01 100 50
S 45 1000 0.01 100 200
C 46 1000 0.01 100 50
S 47 1000 0.01 100 200
C 48 1000 0.01 100 50
S 49 1000 0.01 100 200
C 50 1000 0.01 100 50
S 51 1000 0.01 100 200
C 52 1000 0.01 100 50
S 53 1000 0.01 100 200
C 54 1000 0.01 100 50
S 55 1000 0.01 100 200
C 56 1000 0.01 100 50
S 57 1000 0.01 100 200
C 58 1000 0.01 100 50
S 59 1000 0.01 100 200
C 60 1000 0.01 100 50
S 61 1000 0.01 100 200
C 62 1000 0.01 100 50
S 63 1000 0.01 100 200
C 64 1000 0.01 100 50
S 65 1000 0.01 100 200
C 66 1000 0.01 100 50
S 67 1000 0.01 100 200
C 68 1000 0.01 100 50
S 69 1000 0.01 100 200
C 70 1000 0.01 100 50
S 71 1000 0.01 100 200
C 72 1000 0.01 100 50
S 73 1000 0.01 100 200
C 74 1000 0.01 100 50
S 75 1000 0.01 100 200
C 76 1000 0.01 100 50
S 77 1000 0.01 100 200
C 78 1000 0.01 100 50
S 79 1000 0.01 100 200
C 80 1000 0.01 100 50
S 81 1000 0.01 100 200
C 82 1000 0.01 100 50
S 83 1000 0.01 100 200
C 84 1000 0.01 100 50
S 85 1000 0.01 100 200
C 86 1000 0.01 100 50
S 87 1000 0.01 100 200
C 88 1000 0.01 100 50
S 89 1000 0.01 100 200
C 90 1000 0.01 100 50
S 91 1000 0.01 100 200
C 92 1000 0.01 100 50
S 93 1000 0.01 100 200
C 94 1000 0.01 100 50
S 95 1000 0.01 100 200
C 96 1000 0.01 100 50
S 97 1000 0.01 100 200
C 98 1000 0.01 100 50
S 99 1000 0.01 100 200
C 100 100000 0.02 5000 75